{
  "advancedEditorSelectedIdentifier" : "ProjectBrowser",
  "openSceneRelativePaths" : [
    "Immersive.usda"
  ],
  "recentIdentifiers" : {
    "AF09ED6F-1707-48FD-8720-65B998362C09" : [

    ]
  },
  "sceneCameraHistory" : {
    "AF09ED6F-1707-48FD-8720-65B998362C09" : [
      {
        "date" : 732798859.486306,
        "title" : "Untitled",
        "transform" : [
          0.9981631,
          -1.8388462e-08,
          0.060584243,
          0,
          0.018362746,
          0.95296043,
          -0.30253807,
          0,
          -0.057734363,
          0.3030948,
          0.95120984,
          0,
          -1.1408616,
          1.864313,
          4.300355,
          1
        ]
      },
      {
        "date" : 732798844.085883,
        "title" : "Untitled",
        "transform" : [
          0.9971246,
          -1.8137305e-08,
          0.07577869,
          0,
          -0.0039005002,
          0.99867445,
          0.051323947,
          0,
          -0.07567823,
          -0.051471975,
          0.9958029,
          0,
          -0.99213284,
          0.22635359,
          1.8337632,
          1
        ]
      },
      {
        "date" : 732798840.846013,
        "title" : "Untitled",
        "transform" : [
          0.8751325,
          -1.7082069e-08,
          0.48388326,
          0,
          0.10577672,
          0.97581464,
          -0.19130373,
          0,
          -0.47218034,
          0.21859966,
          0.85396713,
          0,
          -1.2798553,
          0.43252316,
          1.6754322,
          1
        ]
      },
      {
        "date" : 732798791.731363,
        "title" : "Untitled",
        "transform" : [
          0.88402385,
          -1.7082069e-08,
          0.4674417,
          0,
          0.1021826,
          0.97581464,
          -0.19324738,
          0,
          -0.4561365,
          0.21859969,
          0.86264354,
          0,
          -2.4855392,
          1.9661694,
          3.9256415,
          1
        ]
      },
      {
        "date" : 732798779.007608,
        "title" : "Untitled",
        "transform" : [
          1,
          0,
          -0,
          0,
          -0,
          0.8660249,
          -0.5000008,
          0,
          0,
          0.5000008,
          0.8660249,
          0,
          0,
          3.4995558,
          3.9440691,
          1
        ]
      }
    ]
  }
}